data/outfile.asc
ncols        584
nrows        372
xllcorner    -5.127361122222
yllcorner    56.761527788889
cellsize     0.000277777778
[rows 76 to 94 of 372, columns 44 to 87 of 584]
13.876063346862792969 13.050098419189453125 13.050098419189453125 12.835541725158691406 12.812064170837402344 12.812064170837402344 12.669632911682128906 13.880860328674316406 13.880860328674316406 13.3547210693359375 13.124723434448242188 13.124723434448242188 16.273859024047851562 16.652149200439453125 16.652149200439453125 16.97530364990234375 16.649566650390625 16.649566650390625 18.033670425415039062 22.0740966796875 22.0740966796875 23.326539993286132812 23.436254501342773438 23.436254501342773438 20.890275955200195312 18.304761886596679688 18.304761886596679688 18.282415390014648438 18.256502151489257812 18.256502151489257812 17.547168731689453125 16.462789535522460938 16.462789535522460938 14.959116935729980469 13.336042404174804688 13.336042404174804688 10.264767646789550781 9.1844415664672851562 9.1844415664672851562 8.7483997344970703125 8.6002073287963867188 8.6002073287963867188 8.8055438995361328125 8.2640371322631835938
12.846879959106445312 12.796799659729003906 12.796799659729003906 11.814313888549804688 12.131571769714355469 12.131571769714355469 12.450155258178710938 12.524089813232421875 12.524089813232421875 11.468527793884277344 12.843085289001464844 12.843085289001464844 15.15319061279296875 15.428706169128417969 15.428706169128417969 15.812114715576171875 16.094776153564453125 16.094776153564453125 16.656097412109375 19.291950225830078125 19.291950225830078125 21.583307266235351562 21.399385452270507812 21.399385452270507812 19.760259628295898438 16.890779495239257812 16.890779495239257812 17.205610275268554688 17.293727874755859375 17.293727874755859375 16.499898910522460938 14.228977203369140625 14.228977203369140625 12.527651786804199219 10.445525169372558594 10.445525169372558594 8.7362051010131835938 7.7543792724609375 7.7543792724609375 7.6823773384094238281 8.8265476226806640625 8.8265476226806640625 9.543384552001953125 8.60541534423828125
11.954682350158691406 11.752855300903320312 11.752855300903320312 10.960580825805664062 10.912878990173339844 10.912878990173339844 10.532626152038574219 10.690718650817871094 10.690718650817871094 11.347039222717285156 12.57396697998046875 12.57396697998046875 13.795989036560058594 14.0989990234375 14.0989990234375 14.62696075439453125 15.163648605346679688 15.163648605346679688 15.701992034912109375 16.344785690307617188 16.344785690307617188 19.909816741943359375 19.31357574462890625 19.31357574462890625 17.687587738037109375 16.041707992553710938 16.041707992553710938 15.998235702514648438 15.572829246520996094 15.572829246520996094 14.734433174133300781 13.083069801330566406 13.083069801330566406 11.625554084777832031 9.808338165283203125 9.808338165283203125 8.2087297439575195312 8.3103055953979492188 8.3103055953979492188 7.6800785064697265625 8.3808307647705078125 8.3808307647705078125 8.5733699798583984375 7.5218834877014160156
10.253347396850585938 9.5760622024536132812 9.5760622024536132812 9.159107208251953125 9.7027082443237304688 9.7027082443237304688 9.4108858108520507812 10.361239433288574219 10.361239433288574219 10.749756813049316406 10.664614677429199219 10.664614677429199219 11.806014060974121094 13.041836738586425781 13.041836738586425781 13.304900169372558594 14.29743194580078125 14.29743194580078125 14.643300056457519531 14.910136222839355469 14.910136222839355469 16.144716262817382812 16.792593002319335938 16.792593002319335938 16.681241989135742188 16.23444366455078125 16.23444366455078125 15.63170623779296875 14.469753265380859375 14.469753265380859375 12.69042205810546875 12.062388420104980469 12.062388420104980469 10.398305892944335938 8.7933225631713867188 8.7933225631713867188 7.8105053901672363281 8.8073444366455078125 8.8073444366455078125 7.0462846755981445312 7.5366878509521484375 7.5366878509521484375 7.401485443115234375 6.5967392921447753906
8.7397680282592773438 8.7328062057495117188 8.7328062057495117188 8.760379791259765625 9.1580810546875 9.1580810546875 9.116199493408203125 9.5724010467529296875 9.5724010467529296875 10.956883430480957031 10.499987602233886719 10.499987602233886719 11.173029899597167969 12.75237274169921875 12.75237274169921875 13.201543807983398438 14.096564292907714844 14.096564292907714844 13.879572868347167969 13.843976974487304688 13.843976974487304688 14.93891143798828125 17.2241363525390625 17.2241363525390625 16.968717575073242188 16.56868743896484375 16.56868743896484375 16.182079315185546875 13.212327003479003906 13.212327003479003906 11.112131118774414062 9.5314645767211914062 9.5314645767211914062 9.2139339447021484375 8.3805189132690429688 8.3805189132690429688 8.775054931640625 7.8477325439453125 7.8477325439453125 6.4715909957885742188 6.6601209640502929688 6.6601209640502929688 6.567722320556640625 7.1536917686462402344
8.8937101364135742188 7.2237725257873535156 7.2237725257873535156 7.5044255256652832031 7.9020724296569824219 7.9020724296569824219 7.8874034881591796875 8.4291400909423828125 8.4291400909423828125 9.833301544189453125 10.317421913146972656 10.317421913146972656 11.329305648803710938 12.612056732177734375 12.612056732177734375 13.12133026123046875 14.170551300048828125 14.170551300048828125 14.175953865051269531 14.074610710144042969 14.074610710144042969 16.07266998291015625 17.485107421875 17.485107421875 17.593410491943359375 17.863473892211914062 17.863473892211914062 14.96970367431640625 12.554796218872070312 12.554796218872070312 9.7834730148315429688 8.6330060958862304688 8.6330060958862304688 8.5796804428100585938 9.2023706436157226562 9.2023706436157226562 7.8988080024719238281 6.4426846504211425781 6.4426846504211425781 6.4017291069030761719 6.7709097862243652344 6.7709097862243652344 7.3298220634460449219 6.5
7.0786905288696289062 8.0438814163208007812 8.0438814163208007812 8.190593719482421875 7.8436279296875 7.8436279296875 7.2707538604736328125 7.4810161590576171875 7.4810161590576171875 8.1808109283447265625 9.1327075958251953125 9.1327075958251953125 9.9123277664184570312 9.3793849945068359375 9.3793849945068359375 10.578310966491699219 11.914883613586425781 11.914883613586425781 12.207773208618164062 13.6046905517578125 13.6046905517578125 16.713994979858398438 18.195117950439453125 18.195117950439453125 15.83373260498046875 12.735812187194824219 12.735812187194824219 10.056134223937988281 10.034654617309570312 10.034654617309570312 9.1782655715942382812 8.3144359588623046875 8.3144359588623046875 8.5641460418701171875 8.5300312042236328125 8.5300312042236328125 6.5216226577758789062 6.5579953193664550781 6.5579953193664550781 7.1467618942260742188 6.5 6.5 6.5 6.5
8.1943883895874023438 5 5 5.5 5.5 5.5 7.9739079475402832031 7.6181826591491699219 7.6181826591491699219 7.1091036796569824219 6.6069006919860839844 6.6069006919860839844 7.2678985595703125 7.6765866279602050781 7.6765866279602050781 7.8465280532836914062 9.4245653152465820312 9.4245653152465820312 9.9794015884399414062 11.677732467651367188 11.677732467651367188 14.026007652282714844 12.800793647766113281 12.800793647766113281 9.72702789306640625 8.2680330276489257812 8.2680330276489257812 8.4868297576904296875 8.4037990570068359375 8.4037990570068359375 7.5637693405151367188 6.8191204071044921875 6.8191204071044921875 6.8161711692810058594 7.1724748611450195312 7.1724748611450195312 6.9112615585327148438 6 6 6.5 6.5 6.5 6.5 12.380048751831054688
9.185382843017578125 8.748119354248046875 8.748119354248046875 5.5 5.5 5.5 5.5 5.5 5.5 7.059478759765625 7.1295475959777832031 7.1295475959777832031 6.1830282211303710938 6.1000561714172363281 6.1000561714172363281 6.6859211921691894531 8.4171972274780273438 8.4171972274780273438 9.76192474365234375 10.154183387756347656 10.154183387756347656 9.7157640457153320312 8.0234622955322265625 8.0234622955322265625 7.6018633842468261719 7.6820683479309082031 7.6820683479309082031 8.393276214599609375 7.7477321624755859375 7.7477321624755859375 7.5497937202453613281 7.3532161712646484375 7.3532161712646484375 6 6 6 6 6 6 8.4219341278076171875 8.8888149261474609375 8.8888149261474609375 8.7689027786254882812 6.9583897590637207031
4.7570509910583496094 5.47838592529296875 5.47838592529296875 6.8937888145446777344 7.4369335174560546875 7.4369335174560546875 6.4064593315124511719 5.5 5.5 5.5 5.5 5.5 6.7532548904418945312 6.8731784820556640625 6.8731784820556640625 6.399288177490234375 6.9268879890441894531 6.9268879890441894531 7.0082716941833496094 6.4865903854370117188 6.4865903854370117188 6.2537775039672851562 6.7353997230529785156 6.7353997230529785156 8.0495500564575195312 8.6670465469360351562 8.6670465469360351562 7.3649096488952636719 6 6 6 6 6 6 6 6 6.512935638427734375 7.4010729789733886719 7.4010729789733886719 7.4517040252685546875 5.7861242294311523438 5.7861242294311523438 5.682193756103515625 5.9041771888732910156
4.6923813819885253906 5.2149686813354492188 5.2149686813354492188 5.4141912460327148438 5.4698882102966308594 5.4698882102966308594 5.5548481941223144531 7.3564286231994628906 7.3564286231994628906 8.3464822769165039062 5.5 5.5 5.5 5.5 5.5 5.5 6.7914609909057617188 6.7914609909057617188 6.8153834342956542969 6.7608170509338378906 6.7608170509338378906 6.8641200065612792969 7.3227047920227050781 7.3227047920227050781 6 6 6 6 6 6 6 7.1379613876342773438 7.1379613876342773438 6.3842377662658691406 5.5621800422668457031 5.5621800422668457031 4.3321075439453125 5.7907118797302246094 5.7907118797302246094 5.8557176589965820312 6.1422371864318847656 6.1422371864318847656 6.8167715072631835938 5.4962058067321777344
3.3321905136108398438 4.3106732368469238281 4.3106732368469238281 5.1053328514099121094 5.6476168632507324219 5.6476168632507324219 5.3010225296020507812 4.7936491966247558594 4.7936491966247558594 5.1966567039489746094 6.4528799057006835938 6.4528799057006835938 9.3292999267578125 5.5 5.5 5.5 5.5 5.5 5.5 5.5 5.5 6 6 6 6 6 6 8.2623434066772460938 7.6163034439086914062 7.6163034439086914062 6.7053780555725097656 5.2534136772155761719 5.2534136772155761719 4.8128905296325683594 3.9552516937255859375 3.9552516937255859375 4.5304498672485351562 4.9161767959594726562 4.9161767959594726562 5.3286590576171875 6.1654305458068847656 6.1654305458068847656 5.838840484619140625 5.5848875045776367188
0 2.18985748291015625 2.18985748291015625 3.5967550277709960938 4.8015761375427246094 4.8015761375427246094 5.1270389556884765625 5.1341261863708496094 5.1341261863708496094 4.9734673500061035156 4.6414904594421386719 4.6414904594421386719 4.6768231391906738281 5.73856353759765625 5.73856353759765625 7.7700562477111816406 9.5538272857666015625 9.5538272857666015625 9.8806972503662109375 10.045801162719726562 10.045801162719726562 10.655595779418945312 10.292323112487792969 10.292323112487792969 6.9252696037292480469 5.3624339103698730469 5.3624339103698730469 4.748382568359375 5.1205773353576660156 5.1205773353576660156 4.7735552787780761719 4.83261871337890625 4.83261871337890625 5.3858823776245117188 4.6171288490295410156 4.6171288490295410156 4.8941507339477539062 5.4561777114868164062 5.4561777114868164062 5.6997017860412597656 5.4925680160522460938 5.4925680160522460938 5.2978267669677734375 5.3988823890686035156
0 0 0 0.73295968770980834961 1.9887852668762207031 1.9887852668762207031 3.3349046707153320312 4.5577545166015625 4.5577545166015625 5.0174593925476074219 4.7985334396362304688 4.7985334396362304688 4.6127686500549316406 4.6226525306701660156 4.6226525306701660156 4.0503711700439453125 4.1959676742553710938 4.1959676742553710938 4.2948522567749023438 4.640003204345703125 4.640003204345703125 4.4744081497192382812 5.0786662101745605469 5.0786662101745605469 4.8224854469299316406 4.4785847663879394531 4.4785847663879394531 4.1768107414245605469 4.2275705337524414062 4.2275705337524414062 4.5643444061279296875 4.7161455154418945312 4.7161455154418945312 4.3916959762573242188 5.0990872383117675781 5.0990872383117675781 4.7877674102783203125 5.2410373687744140625 5.2410373687744140625 5.0119128227233886719 4.6311316490173339844 4.6311316490173339844 4.8124194145202636719 4.9365286827087402344
0 0 0 0 0 0 0 1.9236735105514526367 1.9236735105514526367 3.5420708656311035156 4.0901403427124023438 4.0901403427124023438 4.5961103439331054688 4.5635476112365722656 4.5635476112365722656 4.2064180374145507812 3.7915363311767578125 3.7915363311767578125 3.9025626182556152344 4.8642253875732421875 4.8642253875732421875 5.684600830078125 5.1187376976013183594 5.1187376976013183594 4.2313718795776367188 4.0796566009521484375 4.0796566009521484375 4.1177840232849121094 4.188022613525390625 4.188022613525390625 4.2754683494567871094 5.3646020889282226562 5.3646020889282226562 4.027881622314453125 5.2312674522399902344 5.2312674522399902344 4.6668543815612792969 5.0186705589294433594 5.0186705589294433594 5.8610363006591796875 5.2193861007690429688 5.2193861007690429688 5.0510158538818359375 4.8359313011169433594
0 0 0 0 0 0 0 0 0 0 2.0028278827667236328 2.0028278827667236328 3.2284085750579833984 4.374126434326171875 4.374126434326171875 4.4396777153015136719 4.884490966796875 4.884490966796875 4.0062146186828613281 4.8016180992126464844 4.8016180992126464844 5.7759046554565429688 4.8973250389099121094 4.8973250389099121094 3.9859633445739746094 3.9398083686828613281 3.9398083686828613281 4.0029320716857910156 4.0874161720275878906 4.0874161720275878906 4.2587671279907226562 5.9898509979248046875 5.9898509979248046875 4.4963574409484863281 5.4073214530944824219 5.4073214530944824219 5.2401123046875 5.8596320152282714844 5.8596320152282714844 5.66542816162109375 5.4124684333801269531 5.4124684333801269531 5.4219412803649902344 5.597881317138671875
0 0 0 0 0 0 0 0 0 0 0 0 0 2.2593948841094970703 2.2593948841094970703 3.5593557357788085938 4.8375082015991210938 4.8375082015991210938 5.2301421165466308594 5.5884008407592773438 5.5884008407592773438 5.2769379615783691406 4.9323039054870605469 4.9323039054870605469 4.3770565986633300781 3.4493427276611328125 3.4493427276611328125 3.7019820213317871094 3.9531455039978027344 3.9531455039978027344 4.0756344795227050781 4.1407971382141113281 4.1407971382141113281 4.6423368453979492188 4.8299627304077148438 4.8299627304077148438 7.0280489921569824219 6.0945439338684082031 6.0945439338684082031 5.5280480384826660156 5.6274275779724121094 5.6274275779724121094 5.3475294113159179688 5.0603032112121582031
0 0 0 0 0 0 0 0 0 0 0 0 0 0 0 0.99988383054733276367 2.3395533561706542969 2.3395533561706542969 4.138027191162109375 4.8265824317932128906 4.8265824317932128906 5.2468881607055664062 5.0676054954528808594 5.0676054954528808594 3.7642652988433837891 3.5304570198059082031 3.5304570198059082031 4.0601115226745605469 3.88287353515625 3.88287353515625 4.0665607452392578125 4.1601238250732421875 4.1601238250732421875 3.2485227584838867188 4.3285894393920898438 4.3285894393920898438 6.6624922752380371094 5.2639613151550292969 5.2639613151550292969 5.0212092399597167969 5.8838372230529785156 5.8838372230529785156 5.2829847335815429688 5.4255275726318359375
0 0 0 0 0 0 0 0 0 0 0 0 0 0 0 0 0 0 1.3870189189910888672 2.8627550601959228516 2.8627550601959228516 4.5825605392456054688 4.9174847602844238281 4.9174847602844238281 3.6802325248718261719 5.0586895942687988281 5.0586895942687988281 5.0566654205322265625 3.7448136806488037109 3.7448136806488037109 4.3330430984497070312 5.1896224021911621094 5.1896224021911621094 4.9521322250366210938 5.7706365585327148438 5.7706365585327148438 5.7732586860656738281 5.1832852363586425781 5.1832852363586425781 4.9795122146606445312 5.8544588088989257812 5.8544588088989257812 5.2732386589050292969 4.9111003875732421875
