data/outfile.asc
ncols        584
nrows        372
xllcorner    -5.127361122222
yllcorner    56.761527788889
cellsize     0.000277777778
[rows 285 to 303 of 372, columns 264 to 307 of 584]
36.14312744140625 36.14312744140625 29.68939971923828125 27.342771530151367188 27.342771530151367188 26.5096588134765625 24.208484649658203125 24.208484649658203125 24.470209121704101562 26.722513198852539062 26.722513198852539062 28.735126495361328125 30.960199356079101562 30.960199356079101562 31.909854888916015625 32.516819000244140625 32.516819000244140625 34.71315765380859375 37.693576812744140625 37.693576812744140625 40.897796630859375 48.161617279052734375 48.161617279052734375 53.49187469482421875 60.545902252197265625 60.545902252197265625 65.5045928955078125 66.83669281005859375 66.83669281005859375 67.64412689208984375 73.39298248291015625 73.39298248291015625 81.81601715087890625 89.69786834716796875 89.69786834716796875 98.0469207763671875 109.42530059814453125 109.42530059814453125 120.02845001220703125 129.2253570556640625 129.2253570556640625 136.2397003173828125 143.4765167236328125 143.4765167236328125
36.70644378662109375 36.70644378662109375 32.038787841796875 30.4322967529296875 30.4322967529296875 28.711544036865234375 26.322908401489257812 26.322908401489257812 24.377386093139648438 24.627483367919921875 24.627483367919921875 27.943279266357421875 28.415302276611328125 28.415302276611328125 29.63901519775390625 30.958284378051757812 30.958284378051757812 33.1939697265625 35.982982635498046875 35.982982635498046875 39.3054351806640625 45.028656005859375 45.028656005859375 51.10723114013671875 57.844707489013671875 57.844707489013671875 60.91599273681640625 63.75727081298828125 63.75727081298828125 67.1102142333984375 71.38043975830078125 71.38043975830078125 76.29743194580078125 82.362823486328125 82.362823486328125 91.961212158203125 104.64095306396484375 104.64095306396484375 116.07220458984375 125.1279144287109375 125.1279144287109375 130.8603973388671875 138.9234161376953125 138.9234161376953125
38.27374267578125 38.27374267578125 35.5953216552734375 33.650600433349609375 33.650600433349609375 31.990346908569335938 27.670976638793945312 27.670976638793945312 26.147705078125 26.78546905517578125 26.78546905517578125 26.5823974609375 28.530000686645507812 28.530000686645507812 27.634744644165039062 29.822717666625976562 29.822717666625976562 32.802112579345703125 37.373165130615234375 37.373165130615234375 39.78595733642578125 43.174289703369140625 43.174289703369140625 49.2861785888671875 56.38775634765625 56.38775634765625 61.717830657958984375 63.798374176025390625 63.798374176025390625 66.90081024169921875 66.69073486328125 66.69073486328125 70.07256317138671875 75.36769866943359375 75.36769866943359375 84.622650146484375 98.45056915283203125 98.45056915283203125 109.2300262451171875 117.85413360595703125 117.85413360595703125 124.6474609375 133.0411529541015625 133.0411529541015625
41.8758392333984375 41.8758392333984375 39.574703216552734375 38.0753021240234375 38.0753021240234375 35.51032257080078125 30.392004013061523438 30.392004013061523438 27.5879974365234375 30.5673828125 30.5673828125 32.631443023681640625 29.447637557983398438 29.447637557983398438 27.966989517211914062 28.030527114868164062 28.030527114868164062 29.742589950561523438 31.79498291015625 31.79498291015625 35.332061767578125 41.73542022705078125 41.73542022705078125 50.51731109619140625 57.464019775390625 57.464019775390625 57.761135101318359375 57.420330047607421875 57.420330047607421875 59.75586700439453125 61.72267913818359375 61.72267913818359375 65.92830657958984375 71.65380859375 71.65380859375 79.89209747314453125 94.33811187744140625 94.33811187744140625 102.70061492919921875 110.09128570556640625 110.09128570556640625 117.14253997802734375 126.37079620361328125 126.37079620361328125
42.996593475341796875 42.996593475341796875 41.488674163818359375 38.95258331298828125 38.95258331298828125 36.57366943359375 33.161289215087890625 33.161289215087890625 28.823711395263671875 28.471006393432617188 28.471006393432617188 32.75241851806640625 30.952531814575195312 30.952531814575195312 29.777660369873046875 27.815988540649414062 27.815988540649414062 28.043109893798828125 27.668630599975585938 27.668630599975585938 30.036754608154296875 38.42987823486328125 38.42987823486328125 45.9140777587890625 50.662448883056640625 50.662448883056640625 51.567607879638671875 53.583950042724609375 53.583950042724609375 56.218658447265625 59.99799346923828125 59.99799346923828125 64.745147705078125 70.8509674072265625 70.8509674072265625 79.06339263916015625 89.0017547607421875 89.0017547607421875 97.69142913818359375 105.34722137451171875 105.34722137451171875 113.3342132568359375 121.85781097412109375 121.85781097412109375
43.337329864501953125 43.337329864501953125 42.1450958251953125 38.934497833251953125 38.934497833251953125 35.748844146728515625 32.571269989013671875 32.571269989013671875 29.079294204711914062 27.609090805053710938 27.609090805053710938 27.433681488037109375 27.806865692138671875 27.806865692138671875 28.248264312744140625 28.4671478271484375 28.4671478271484375 28.763284683227539062 27.66008758544921875 27.66008758544921875 28.869367599487304688 32.5724029541015625 32.5724029541015625 38.6699981689453125 44.69893646240234375 44.69893646240234375 48.16422271728515625 50.903575897216796875 50.903575897216796875 53.73729705810546875 58.66440582275390625 58.66440582275390625 64.5149993896484375 71.2999420166015625 71.2999420166015625 79.171295166015625 87.34603118896484375 87.34603118896484375 95.54212188720703125 102.95084381103515625 102.95084381103515625 109.94464111328125 117.232421875 117.232421875
44.68923187255859375 44.68923187255859375 43.802860260009765625 40.79868316650390625 40.79868316650390625 38.175201416015625 34.765995025634765625 34.765995025634765625 29.394287109375 28.691175460815429688 28.691175460815429688 28.63665008544921875 28.488969802856445312 28.488969802856445312 28.53862762451171875 28.244192123413085938 28.244192123413085938 27.943401336669921875 26.453931808471679688 26.453931808471679688 28.637752532958984375 31.083154678344726562 31.083154678344726562 34.068325042724609375 39.37288665771484375 39.37288665771484375 42.8557586669921875 46.656642913818359375 46.656642913818359375 52.061779022216796875 57.2452239990234375 57.2452239990234375 63.44626617431640625 70.64678955078125 70.64678955078125 78.97028350830078125 84.73142242431640625 84.73142242431640625 90.85771942138671875 97.3400726318359375 97.3400726318359375 103.98293304443359375 110.705108642578125 110.705108642578125
50.227787017822265625 50.227787017822265625 49.992801666259765625 43.487850189208984375 43.487850189208984375 39.931690216064453125 37.420928955078125 37.420928955078125 32.539764404296875 30.59649658203125 30.59649658203125 29.911428451538085938 29.822565078735351562 29.822565078735351562 29.920001983642578125 29.177991867065429688 29.177991867065429688 29.199029922485351562 27.063751220703125 27.063751220703125 29.139295578002929688 31.814937591552734375 31.814937591552734375 34.99532318115234375 37.11434173583984375 37.11434173583984375 39.910518646240234375 44.60768890380859375 44.60768890380859375 49.266078948974609375 54.942394256591796875 54.942394256591796875 61.340129852294921875 67.48178863525390625 67.48178863525390625 72.908905029296875 78.19538116455078125 78.19538116455078125 84.0890655517578125 90.13323974609375 90.13323974609375 96.70320892333984375 103.03156280517578125 103.03156280517578125
52.3525848388671875 52.3525848388671875 52.741695404052734375 48.176971435546875 48.176971435546875 42.321773529052734375 38.399517059326171875 38.399517059326171875 35.23911285400390625 31.173406600952148438 31.173406600952148438 28.707532882690429688 29.073146820068359375 29.073146820068359375 29.063343048095703125 29.4246063232421875 29.4246063232421875 30.419118881225585938 28.572725296020507812 28.572725296020507812 29.177698135375976562 33.851558685302734375 33.851558685302734375 33.952014923095703125 35.10858917236328125 35.10858917236328125 38.659183502197265625 41.937740325927734375 41.937740325927734375 48.98870849609375 56.909984588623046875 56.909984588623046875 61.109653472900390625 64.73284149169921875 64.73284149169921875 67.932159423828125 72.45362091064453125 72.45362091064453125 78.1764373779296875 84.19249725341796875 84.19249725341796875 89.63632965087890625 95.2772216796875 95.2772216796875
49.260509490966796875 49.260509490966796875 47.795597076416015625 45.214328765869140625 45.214328765869140625 42.86370849609375 39.397899627685546875 39.397899627685546875 36.981517791748046875 33.703052520751953125 33.703052520751953125 29.943927764892578125 28.608165740966796875 28.608165740966796875 28.747701644897460938 28.779052734375 28.779052734375 29.704248428344726562 29.410276412963867188 29.410276412963867188 28.307697296142578125 30.811176300048828125 30.811176300048828125 34.02779388427734375 36.624820709228515625 36.624820709228515625 37.912811279296875 41.464626312255859375 41.464626312255859375 48.98309326171875 54.29384613037109375 54.29384613037109375 56.87181854248046875 60.630462646484375 60.630462646484375 63.547603607177734375 66.9555816650390625 66.9555816650390625 72.1505584716796875 77.6536865234375 77.6536865234375 84.20381927490234375 90.9444427490234375 90.9444427490234375
49.948337554931640625 49.948337554931640625 46.52874755859375 44.029834747314453125 44.029834747314453125 42.56400299072265625 40.3649444580078125 40.3649444580078125 37.783191680908203125 35.301174163818359375 35.301174163818359375 32.126590728759765625 29.38744354248046875 29.38744354248046875 29.177324295043945312 29.314485549926757812 29.314485549926757812 29.334196090698242188 30.328899383544921875 30.328899383544921875 29.114271163940429688 29.85926055908203125 29.85926055908203125 29.762302398681640625 32.60511016845703125 32.60511016845703125 35.076076507568359375 39.71273040771484375 39.71273040771484375 46.054622650146484375 51.059604644775390625 51.059604644775390625 54.061023712158203125 56.006191253662109375 56.006191253662109375 58.450550079345703125 62.291229248046875 62.291229248046875 69.7561187744140625 76.65798187255859375 76.65798187255859375 83.5465240478515625 92.4016876220703125 92.4016876220703125
56.182159423828125 56.182159423828125 50.682712554931640625 45.395282745361328125 45.395282745361328125 42.378520965576171875 38.848995208740234375 38.848995208740234375 36.906261444091796875 34.841522216796875 34.841522216796875 30.561153411865234375 29.258615493774414062 29.258615493774414062 28.974233627319335938 29.543504714965820312 29.543504714965820312 29.569128036499023438 29.736721038818359375 29.736721038818359375 29.697174072265625 28.92996978759765625 28.92996978759765625 28.096117019653320312 30.98950958251953125 30.98950958251953125 36.0239410400390625 38.8979644775390625 38.8979644775390625 43.119617462158203125 48.84136199951171875 48.84136199951171875 51.099872589111328125 53.62978363037109375 53.62978363037109375 58.047367095947265625 65.07038116455078125 65.07038116455078125 70.59163665771484375 76.422454833984375 76.422454833984375 83.29345703125 88.548797607421875 88.548797607421875
61.507854461669921875 61.507854461669921875 55.870189666748046875 50.231288909912109375 50.231288909912109375 45.39878082275390625 40.646739959716796875 40.646739959716796875 36.0471343994140625 32.228137969970703125 32.228137969970703125 28.928258895874023438 29.40988922119140625 29.40988922119140625 29.155414581298828125 29.558473587036132812 29.558473587036132812 29.999927520751953125 29.921245574951171875 29.921245574951171875 29.806488037109375 29.81790924072265625 29.81790924072265625 28.13581085205078125 29.593202590942382812 29.593202590942382812 35.22052001953125 36.881744384765625 36.881744384765625 39.975067138671875 43.763957977294921875 43.763957977294921875 47.55113983154296875 52.995792388916015625 52.995792388916015625 58.3572998046875 64.11502838134765625 64.11502838134765625 67.29053497314453125 73.27921295166015625 73.27921295166015625 81.7617950439453125 87.61660003662109375 87.61660003662109375
66.74115753173828125 66.74115753173828125 61.8638763427734375 53.879604339599609375 53.879604339599609375 47.7152099609375 43.12035369873046875 43.12035369873046875 38.27077484130859375 33.047977447509765625 33.047977447509765625 30.140577316284179688 29.6969757080078125 29.6969757080078125 29.352506637573242188 29.351673126220703125 29.351673126220703125 29.61065673828125 30.131048202514648438 30.131048202514648438 30.154026031494140625 30.305833816528320312 30.305833816528320312 29.824968338012695312 28.378118515014648438 28.378118515014648438 32.754726409912109375 36.419147491455078125 36.419147491455078125 38.25362396240234375 39.190898895263671875 39.190898895263671875 42.442401885986328125 51.1005401611328125 51.1005401611328125 57.95970916748046875 63.440338134765625 63.440338134765625 67.65139007568359375 72.438751220703125 72.438751220703125 77.58855438232421875 81.2890777587890625 81.2890777587890625
72.98667144775390625 72.98667144775390625 70.4875030517578125 61.1439971923828125 61.1439971923828125 52.325557708740234375 47.712177276611328125 47.712177276611328125 42.649234771728515625 36.253017425537109375 36.253017425537109375 31.825345993041992188 29.748371124267578125 29.748371124267578125 29.427740097045898438 29.48676300048828125 29.48676300048828125 29.717306137084960938 29.930837631225585938 29.930837631225585938 30.230297088623046875 30.33331298828125 30.33331298828125 30.733152389526367188 28.159749984741210938 28.159749984741210938 29.460119247436523438 34.84551239013671875 34.84551239013671875 36.445285797119140625 36.785869598388671875 36.785869598388671875 42.85999298095703125 48.984039306640625 48.984039306640625 56.64246368408203125 60.007640838623046875 60.007640838623046875 65.787872314453125 69.55698394775390625 69.55698394775390625 71.5089569091796875 74.25567626953125 74.25567626953125
79.64835357666015625 79.64835357666015625 75.52315521240234375 65.86634063720703125 65.86634063720703125 56.25154876708984375 49.472240447998046875 49.472240447998046875 45.220050811767578125 40.2106475830078125 40.2106475830078125 35.676822662353515625 31.290090560913085938 31.290090560913085938 30.059696197509765625 29.8238983154296875 29.8238983154296875 29.831838607788085938 30.167642593383789062 30.167642593383789062 30.42105865478515625 30.566606521606445312 30.566606521606445312 30.897068023681640625 30.14881134033203125 30.14881134033203125 28.904832839965820312 33.69408416748046875 33.69408416748046875 36.507045745849609375 38.097599029541015625 38.097599029541015625 43.604969024658203125 46.844940185546875 46.844940185546875 52.511875152587890625 57.188304901123046875 57.188304901123046875 61.489833831787109375 62.026149749755859375 62.026149749755859375 63.096584320068359375 67.8784332275390625 67.8784332275390625
85.20296478271484375 85.20296478271484375 83.037200927734375 72.99602508544921875 72.99602508544921875 61.17139434814453125 53.183563232421875 53.183563232421875 48.97234344482421875 45.623294830322265625 45.623294830322265625 41.38822174072265625 34.127986907958984375 34.127986907958984375 30.996610641479492188 30.689128875732421875 30.689128875732421875 30.2217864990234375 30.240098953247070312 30.240098953247070312 30.550371170043945312 30.445920944213867188 30.445920944213867188 30.863674163818359375 30.807020187377929688 30.807020187377929688 30.682109832763671875 31.121891021728515625 31.121891021728515625 35.47052001953125 38.00205230712890625 38.00205230712890625 38.47386932373046875 41.29854583740234375 41.29854583740234375 43.14739990234375 48.58701324462890625 48.58701324462890625 53.2306365966796875 52.909557342529296875 52.909557342529296875 55.29515838623046875 61.0083465576171875 61.0083465576171875
89.50844573974609375 89.50844573974609375 86.1974029541015625 77.54126739501953125 77.54126739501953125 67.83013153076171875 58.162822723388671875 58.162822723388671875 50.23645782470703125 46.00640106201171875 46.00640106201171875 42.3307037353515625 36.637454986572265625 36.637454986572265625 33.30136871337890625 32.470184326171875 32.470184326171875 32.17730712890625 30.539644241333007812 30.539644241333007812 30.702169418334960938 30.777471542358398438 30.777471542358398438 30.878055572509765625 30.847539901733398438 30.847539901733398438 31.049947738647460938 29.243778228759765625 29.243778228759765625 30.642343521118164062 33.9229583740234375 33.9229583740234375 36.953624725341796875 37.009418487548828125 37.009418487548828125 36.0086212158203125 39.462528228759765625 39.462528228759765625 45.370006561279296875 48.416965484619140625 48.416965484619140625 51.58615875244140625 55.51934814453125 55.51934814453125
93.83803558349609375 93.83803558349609375 86.88745880126953125 81.21865081787109375 81.21865081787109375 72.9989471435546875 62.999103546142578125 62.999103546142578125 52.374080657958984375 48.00083160400390625 48.00083160400390625 45.74871826171875 39.692531585693359375 39.692531585693359375 36.199466705322265625 34.84117889404296875 34.84117889404296875 34.6484527587890625 32.3553924560546875 32.3553924560546875 30.583200454711914062 30.932163238525390625 30.932163238525390625 30.8746337890625 31.468744277954101562 31.468744277954101562 31.903299331665039062 31.2335052490234375 31.2335052490234375 30.060300827026367188 28.592487335205078125 28.592487335205078125 29.281795501708984375 31.50257110595703125 31.50257110595703125 32.8712158203125 35.273166656494140625 35.273166656494140625 38.379116058349609375 39.740528106689453125 39.740528106689453125 40.994823455810546875 44.998126983642578125 44.998126983642578125
