data/outfile.asc
ncols        584
nrows        372
xllcorner    -5.127361122222
yllcorner    56.761527788889
cellsize     0.000277777778
[rows 152 to 170 of 372, columns 132 to 175 of 584]
19.841421127319335938 19.841421127319335938 19.154466629028320312 19.368953704833984375 19.368953704833984375 21.347635269165039062 19.529041290283203125 19.529041290283203125 19.845064163208007812 19.362010955810546875 19.362010955810546875 18.73146820068359375 18.179147720336914062 18.179147720336914062 18.229906082153320312 17.147218704223632812 17.147218704223632812 16.905996322631835938 16.194942474365234375 16.194942474365234375 16.199811935424804688 16.043176651000976562 16.043176651000976562 16.107477188110351562 16.814479827880859375 16.814479827880859375 13.858168601989746094 10.832924842834472656 10.832924842834472656 9.2289247512817382812 8.8949880599975585938 8.8949880599975585938 8.591342926025390625 8.63759613037109375 8.63759613037109375 10.547326087951660156 13.021231651306152344 13.021231651306152344 12.903670310974121094 11.7380523681640625 11.7380523681640625 12.089566230773925781 12.814879417419433594 12.814879417419433594
15.417551040649414062 15.417551040649414062 15.991385459899902344 17.101009368896484375 17.101009368896484375 17.1367340087890625 16.059749603271484375 16.059749603271484375 16.326456069946289062 16.497812271118164062 16.497812271118164062 17.079843521118164062 16.234411239624023438 16.234411239624023438 15.423569679260253906 15.791868209838867188 15.791868209838867188 16.33199310302734375 16.651227951049804688 16.651227951049804688 16.876766204833984375 16.5462188720703125 16.5462188720703125 16.698490142822265625 16.031869888305664062 16.031869888305664062 9.9035577774047851562 8.2906827926635742188 8.2906827926635742188 7.9989070892333984375 8.298763275146484375 8.298763275146484375 8.969646453857421875 8.279937744140625 8.279937744140625 7.9563736915588378906 9.92691802978515625 9.92691802978515625 13.046841621398925781 12.0414581298828125 12.0414581298828125 11.848448753356933594 12.485262870788574219 12.485262870788574219
12.046687126159667969 12.046687126159667969 10.147282600402832031 10.652266502380371094 10.652266502380371094 10.344935417175292969 10.401495933532714844 10.401495933532714844 11.217920303344726562 12.14701080322265625 12.14701080322265625 13.574280738830566406 13.728817939758300781 13.728817939758300781 13.442701339721679688 14.398479461669921875 14.398479461669921875 15.233186721801757812 15.854112625122070312 15.854112625122070312 15.719536781311035156 15.237320899963378906 15.237320899963378906 15.11510467529296875 12.288468360900878906 12.288468360900878906 8.677387237548828125 7.8623690605163574219 7.8623690605163574219 7.6693005561828613281 8.1198263168334960938 8.1198263168334960938 8.5006971359252929688 8.7074975967407226562 8.7074975967407226562 8.9907636642456054688 9.225788116455078125 9.225788116455078125 9.9374189376831054688 10.751475334167480469 10.751475334167480469 11.4522247314453125 11.339673042297363281 11.339673042297363281
11.212738037109375 11.212738037109375 10.060057640075683594 8.6508302688598632812 8.6508302688598632812 8.35980987548828125 9.0160961151123046875 9.0160961151123046875 9.4058074951171875 10.148272514343261719 10.148272514343261719 11.125223159790039062 11.784407615661621094 11.784407615661621094 11.401397705078125 11.582774162292480469 11.582774162292480469 11.940449714660644531 11.557370185852050781 11.557370185852050781 11.038496971130371094 10.982730865478515625 10.982730865478515625 10.864215850830078125 8.832500457763671875 8.832500457763671875 7.7860722541809082031 8.657947540283203125 8.657947540283203125 7.5201387405395507812 7.8474435806274414062 7.8474435806274414062 8.2982816696166992188 8.174419403076171875 8.174419403076171875 8.72022247314453125 8.7958612442016601562 8.7958612442016601562 9.7621927261352539062 10.230717658996582031 10.230717658996582031 10.911883354187011719 12.72760772705078125 12.72760772705078125
13.961614608764648438 13.961614608764648438 14.925899505615234375 16.145063400268554688 16.145063400268554688 11.390659332275390625 9.4600801467895507812 9.4600801467895507812 9.0769834518432617188 9.4733152389526367188 9.4733152389526367188 11.720148086547851562 9.792079925537109375 9.792079925537109375 8.22872161865234375 7.51152801513671875 7.51152801513671875 7.2018918991088867188 7.1861214637756347656 7.1861214637756347656 6.4330596923828125 6.4672870635986328125 6.4672870635986328125 8.7400083541870117188 6.7566928863525390625 6.7566928863525390625 5.9445323944091796875 7.8811326026916503906 7.8811326026916503906 7.7715687751770019531 9.001308441162109375 9.001308441162109375 9.0221729278564453125 9.0692110061645507812 9.0692110061645507812 8.5780591964721679688 8.955738067626953125 8.955738067626953125 9.6748971939086914062 10.573939323425292969 10.573939323425292969 11.300060272216796875 12.971657752990722656 12.971657752990722656
15.38961029052734375 15.38961029052734375 14.25345611572265625 15.099854469299316406 15.099854469299316406 14.657016754150390625 13.935650825500488281 13.935650825500488281 14.328070640563964844 15.883851051330566406 15.883851051330566406 16.096111297607421875 14.913309097290039062 14.913309097290039062 14.063872337341308594 13.59438323974609375 13.59438323974609375 14.179914474487304688 12.385525703430175781 12.385525703430175781 11.706458091735839844 10.719044685363769531 10.719044685363769531 10.438065528869628906 8.8502635955810546875 8.8502635955810546875 8.7827939987182617188 8.6057529449462890625 8.6057529449462890625 8.1880903244018554688 7.6038684844970703125 7.6038684844970703125 9.974212646484375 10.225202560424804688 10.225202560424804688 9.6342515945434570312 9.08664703369140625 9.08664703369140625 9.5876321792602539062 11.015673637390136719 11.015673637390136719 12.000945091247558594 14.5569915771484375 14.5569915771484375
27.668233871459960938 27.668233871459960938 24.866054534912109375 23.727136611938476562 23.727136611938476562 22.806179046630859375 22.892911911010742188 22.892911911010742188 23.08498382568359375 24.393890380859375 24.393890380859375 24.148347854614257812 26.010972976684570312 26.010972976684570312 25.205278396606445312 24.06763458251953125 24.06763458251953125 22.624309539794921875 19.20984649658203125 19.20984649658203125 17.604040145874023438 14.616590499877929688 14.616590499877929688 14.421650886535644531 14.83190155029296875 14.83190155029296875 14.576658248901367188 15.757523536682128906 15.757523536682128906 16.024904251098632812 10.319165229797363281 10.319165229797363281 6.9762473106384277344 7.6155810356140136719 7.6155810356140136719 8.4005651473999023438 6.861370086669921875 6.861370086669921875 8.0705118179321289062 10.261602401733398438 10.261602401733398438 13.865331649780273438 15.502410888671875 15.502410888671875
45.945262908935546875 45.945262908935546875 46.933807373046875 47.3234710693359375 47.3234710693359375 44.76181793212890625 44.246547698974609375 44.246547698974609375 44.77471923828125 46.00394439697265625 46.00394439697265625 47.62754058837890625 47.39575958251953125 47.39575958251953125 44.75514984130859375 40.20601654052734375 40.20601654052734375 35.531963348388671875 29.15619659423828125 29.15619659423828125 26.581953048706054688 24.117809295654296875 24.117809295654296875 22.061214447021484375 22.24665069580078125 22.24665069580078125 22.341733932495117188 21.354654312133789062 21.354654312133789062 20.303586959838867188 18.472547531127929688 18.472547531127929688 14.091279029846191406 11.616659164428710938 11.616659164428710938 6.1129174232482910156 4.9537539482116699219 4.9537539482116699219 8.587299346923828125 11.167345046997070312 11.167345046997070312 15.8072052001953125 16.62934112548828125 16.62934112548828125
59.55768585205078125 59.55768585205078125 59.895908355712890625 60.872936248779296875 60.872936248779296875 58.832683563232421875 55.782047271728515625 55.782047271728515625 58.311740875244140625 58.101993560791015625 58.101993560791015625 56.889415740966796875 55.6693878173828125 55.6693878173828125 54.355663299560546875 52.55773162841796875 52.55773162841796875 46.666759490966796875 43.613658905029296875 43.613658905029296875 41.848918914794921875 39.231395721435546875 39.231395721435546875 35.671722412109375 33.53833770751953125 33.53833770751953125 31.503332138061523438 26.757020950317382812 26.757020950317382812 23.176057815551757812 21.35912322998046875 21.35912322998046875 16.738620758056640625 15.548865318298339844 15.548865318298339844 12.953364372253417969 7.9674277305603027344 7.9674277305603027344 8.4140977859497070312 12.570548057556152344 12.570548057556152344 16.131267547607421875 18.124567031860351562 18.124567031860351562
64.90478515625 64.90478515625 64.631866455078125 63.8782196044921875 63.8782196044921875 62.380615234375 59.78057098388671875 59.78057098388671875 59.913730621337890625 61.484157562255859375 61.484157562255859375 63.686859130859375 63.98262786865234375 63.98262786865234375 64.06491851806640625 61.76592254638671875 61.76592254638671875 57.969310760498046875 58.27616119384765625 58.27616119384765625 57.67237091064453125 52.5482940673828125 52.5482940673828125 46.549160003662109375 40.8108367919921875 40.8108367919921875 37.05333709716796875 33.58238983154296875 33.58238983154296875 32.026824951171875 29.212383270263671875 29.212383270263671875 19.98522186279296875 17.109477996826171875 17.109477996826171875 17.2563323974609375 13.824917793273925781 13.824917793273925781 7.1718587875366210938 10.103249549865722656 10.103249549865722656 16.664392471313476562 16.424112319946289062 16.424112319946289062
70.8161773681640625 70.8161773681640625 70.1497650146484375 70.6846466064453125 70.6846466064453125 69.264312744140625 67.2147369384765625 67.2147369384765625 66.013763427734375 66.0677642822265625 66.0677642822265625 67.2497711181640625 67.2150421142578125 67.2150421142578125 64.862213134765625 64.75844573974609375 64.75844573974609375 63.793231964111328125 59.7576904296875 59.7576904296875 56.4370574951171875 52.523227691650390625 52.523227691650390625 49.7032012939453125 46.113739013671875 46.113739013671875 42.122753143310546875 40.100849151611328125 40.100849151611328125 39.228305816650390625 32.5536346435546875 32.5536346435546875 24.330465316772460938 21.65134429931640625 21.65134429931640625 18.827800750732421875 14.372557640075683594 14.372557640075683594 10.817963600158691406 12.000505447387695312 12.000505447387695312 15.806235313415527344 14.823421478271484375 14.823421478271484375
79.0930633544921875 79.0930633544921875 75.4093017578125 76.840972900390625 76.840972900390625 76.86833953857421875 74.69589996337890625 74.69589996337890625 72.73491668701171875 71.87900543212890625 71.87900543212890625 71.63671875 71.03649139404296875 71.03649139404296875 68.35146331787109375 65.97705078125 65.97705078125 63.20708465576171875 60.041408538818359375 60.041408538818359375 57.86441802978515625 53.7288360595703125 53.7288360595703125 50.46201324462890625 46.512973785400390625 46.512973785400390625 42.24082183837890625 40.658367156982421875 40.658367156982421875 34.723232269287109375 27.564622879028320312 27.564622879028320312 23.726604461669921875 20.925298690795898438 20.925298690795898438 18.069271087646484375 16.896844863891601562 16.896844863891601562 12.176095962524414062 12.026714324951171875 12.026714324951171875 11.820855140686035156 12.242728233337402344 12.242728233337402344
90.33266448974609375 90.33266448974609375 84.18801116943359375 79.79801177978515625 79.79801177978515625 79.02411651611328125 78.20249176025390625 78.20249176025390625 75.82401275634765625 74.7921905517578125 74.7921905517578125 75.37958526611328125 76.62358856201171875 76.62358856201171875 74.493408203125 71.007904052734375 71.007904052734375 68.5917205810546875 65.62335968017578125 65.62335968017578125 62.5624237060546875 58.277126312255859375 58.277126312255859375 54.6973419189453125 49.296146392822265625 49.296146392822265625 44.47322845458984375 40.1643524169921875 40.1643524169921875 33.17562103271484375 27.532482147216796875 27.532482147216796875 25.187562942504882812 20.336332321166992188 20.336332321166992188 16.61064910888671875 15.689442634582519531 15.689442634582519531 13.332444190979003906 10.441389083862304688 10.441389083862304688 9.8831949234008789062 10.500571250915527344 10.500571250915527344
105.1000823974609375 105.1000823974609375 100.68979644775390625 95.13228607177734375 95.13228607177734375 90.5815887451171875 88.42760467529296875 88.42760467529296875 87.04000091552734375 86.5590667724609375 86.5590667724609375 84.0578765869140625 82.7451324462890625 82.7451324462890625 83.2032623291015625 82.46915435791015625 82.46915435791015625 81.4798126220703125 78.733978271484375 78.733978271484375 74.63233184814453125 68.90027618408203125 68.90027618408203125 66.12955474853515625 62.4022674560546875 62.4022674560546875 54.149967193603515625 47.61681365966796875 47.61681365966796875 39.817623138427734375 32.663692474365234375 32.663692474365234375 27.08257293701171875 18.44378662109375 18.44378662109375 14.279324531555175781 13.750585556030273438 13.750585556030273438 12.384293556213378906 10.522022247314453125 10.522022247314453125 10.344586372375488281 10.361994743347167969 10.361994743347167969
129.9831085205078125 129.9831085205078125 122.986724853515625 116.78916168212890625 116.78916168212890625 111.66937255859375 108.9376373291015625 108.9376373291015625 105.88726806640625 101.342376708984375 101.342376708984375 97.77654266357421875 94.941192626953125 94.941192626953125 93.4846038818359375 91.52585601806640625 91.52585601806640625 89.99848175048828125 86.385101318359375 86.385101318359375 81.3410186767578125 76.84746551513671875 76.84746551513671875 73.5241241455078125 69.322998046875 69.322998046875 63.06816864013671875 59.533237457275390625 59.533237457275390625 52.33179473876953125 39.6986541748046875 39.6986541748046875 28.655307769775390625 22.266817092895507812 22.266817092895507812 16.582118988037109375 15.150614738464355469 15.150614738464355469 13.704516410827636719 12.609922409057617188 12.609922409057617188 10.182249069213867188 10.16819000244140625 10.16819000244140625
153.2346343994140625 153.2346343994140625 148.1201019287109375 146.7937164306640625 146.7937164306640625 145.5555419921875 142.2735137939453125 142.2735137939453125 138.347808837890625 128.114105224609375 128.114105224609375 116.96657562255859375 111.41461181640625 111.41461181640625 107.4280242919921875 104.51900482177734375 104.51900482177734375 98.541412353515625 91.060333251953125 91.060333251953125 86.06439208984375 84.1371307373046875 84.1371307373046875 80.02787017822265625 77.4434967041015625 77.4434967041015625 71.47076416015625 66.2806854248046875 66.2806854248046875 55.1752166748046875 42.5533447265625 42.5533447265625 34.45711517333984375 29.30924224853515625 29.30924224853515625 19.634756088256835938 16.351305007934570312 16.351305007934570312 14.2340240478515625 12.712880134582519531 12.712880134582519531 10.380242347717285156 10.767795562744140625 10.767795562744140625
163.018096923828125 163.018096923828125 166.2308807373046875 170.139678955078125 170.139678955078125 170.9312896728515625 168.5618896484375 168.5618896484375 162.44989013671875 151.599456787109375 151.599456787109375 140.18157958984375 127.8580780029296875 127.8580780029296875 122.3178863525390625 120.06275177001953125 120.06275177001953125 114.4583587646484375 103.1554718017578125 103.1554718017578125 91.75891876220703125 88.4179229736328125 88.4179229736328125 83.98520660400390625 81.41173553466796875 81.41173553466796875 76.14313507080078125 69.6483612060546875 69.6483612060546875 59.458438873291015625 47.520183563232421875 47.520183563232421875 40.071300506591796875 30.60173797607421875 30.60173797607421875 21.846391677856445312 16.692251205444335938 16.692251205444335938 15.344859123229980469 14.079461097717285156 14.079461097717285156 11.740629196166992188 9.8314342498779296875 9.8314342498779296875
181.0860137939453125 181.0860137939453125 188.1449737548828125 190.4726715087890625 190.4726715087890625 188.91900634765625 188.373260498046875 188.373260498046875 180.730194091796875 164.6338348388671875 164.6338348388671875 153.0336456298828125 145.9112701416015625 145.9112701416015625 140.6369171142578125 135.4362030029296875 135.4362030029296875 126.79521942138671875 116.43190765380859375 116.43190765380859375 101.61885833740234375 92.8122406005859375 92.8122406005859375 88.76070404052734375 82.4744720458984375 82.4744720458984375 74.740478515625 67.3973388671875 67.3973388671875 62.7949981689453125 52.694629669189453125 52.694629669189453125 43.530181884765625 37.796237945556640625 37.796237945556640625 30.003749847412109375 20.467832565307617188 20.467832565307617188 16.797290802001953125 15.389939308166503906 15.389939308166503906 13.943935394287109375 11.497845649719238281 11.497845649719238281
199.1576080322265625 199.1576080322265625 203.0269012451171875 209.9212646484375 209.9212646484375 211.46875 206.4353179931640625 206.4353179931640625 198.867462158203125 184.8401641845703125 184.8401641845703125 172.83087158203125 164.3779449462890625 164.3779449462890625 159.2664794921875 151.514923095703125 151.514923095703125 140.5242919921875 126.91060638427734375 126.91060638427734375 111.74475860595703125 103.94693756103515625 103.94693756103515625 97.0051422119140625 84.7198638916015625 84.7198638916015625 76.87969207763671875 69.40312957763671875 69.40312957763671875 62.0314788818359375 52.14873504638671875 52.14873504638671875 44.10085296630859375 38.211307525634765625 38.211307525634765625 32.37574005126953125 27.003274917602539062 27.003274917602539062 24.248933792114257812 18.672441482543945312 18.672441482543945312 15.122469902038574219 13.260080337524414062 13.260080337524414062
