data/outfile.asc
ncols        584
nrows        372
xllcorner    -5.127361122222
yllcorner    56.761527788889
cellsize     0.000277777778
[rows 171 to 189 of 372, columns 396 to 439 of 584]
486.624420166015625 486.624420166015625 501.801544189453125 516.4801025390625 516.4801025390625 538.50238037109375 557.9794921875 557.9794921875 579.34075927734375 595.293701171875 595.293701171875 612.73699951171875 628.99835205078125 628.99835205078125 645.81195068359375 661.40460205078125 661.40460205078125 675.04107666015625 689.32757568359375 689.32757568359375 705.62274169921875 720.31121826171875 720.31121826171875 733.4813232421875 746.31402587890625 746.31402587890625 758.13055419921875 769.206298828125 769.206298828125 779.26617431640625 788.82281494140625 788.82281494140625 797.07818603515625 804.7425537109375 804.7425537109375 812.43756103515625 820.27325439453125 820.27325439453125 828.03277587890625 836.22442626953125 836.22442626953125 844.7703857421875 854.37127685546875 854.37127685546875
481.043853759765625 481.043853759765625 497.05242919921875 514.427490234375 514.427490234375 532.13385009765625 549.0416259765625 549.0416259765625 566.92864990234375 585.5478515625 585.5478515625 602.93121337890625 619.16387939453125 619.16387939453125 636.21221923828125 651.79913330078125 651.79913330078125 667.73895263671875 683.2933349609375 683.2933349609375 698.76025390625 714.6904296875 714.6904296875 728.5140380859375 741.37701416015625 741.37701416015625 753.37811279296875 764.93597412109375 764.93597412109375 775.31500244140625 785.232177734375 785.232177734375 793.6180419921875 801.6380615234375 801.6380615234375 809.87841796875 817.7764892578125 817.7764892578125 825.4105224609375 833.28411865234375 833.28411865234375 841.4471435546875 849.8623046875 849.8623046875
477.712493896484375 477.712493896484375 492.23675537109375 508.618255615234375 508.618255615234375 524.37554931640625 541.091552734375 541.091552734375 558.525146484375 576.39093017578125 576.39093017578125 594.061279296875 609.9713134765625 609.9713134765625 626.6875 643.6929931640625 643.6929931640625 660.22509765625 675.14849853515625 675.14849853515625 691.1519775390625 708.0054931640625 708.0054931640625 721.92279052734375 734.452880859375 734.452880859375 746.7039794921875 758.39385986328125 758.39385986328125 768.980712890625 778.76214599609375 778.76214599609375 788.26177978515625 797.96014404296875 797.96014404296875 806.5562744140625 814.89727783203125 814.89727783203125 822.29876708984375 829.9490966796875 829.9490966796875 837.90338134765625 846.63800048828125 846.63800048828125
473.351806640625 473.351806640625 487.264984130859375 502.0997314453125 502.0997314453125 518.64886474609375 534.855224609375 534.855224609375 550.57373046875 565.60186767578125 565.60186767578125 583.44366455078125 601.23211669921875 601.23211669921875 618.97076416015625 635.9046630859375 635.9046630859375 651.84124755859375 667.60748291015625 667.60748291015625 682.87884521484375 698.01666259765625 698.01666259765625 713.26385498046875 726.95587158203125 726.95587158203125 739.6783447265625 750.494140625 750.494140625 761.75042724609375 772.4510498046875 772.4510498046875 782.5394287109375 792.13702392578125 792.13702392578125 800.78375244140625 809.8701171875 809.8701171875 818.6629638671875 826.9495849609375 826.9495849609375 834.7354736328125 844.0804443359375 844.0804443359375
470.478607177734375 470.478607177734375 483.511627197265625 498.0374755859375 498.0374755859375 513.43212890625 528.1260986328125 528.1260986328125 542.31298828125 558.4024658203125 558.4024658203125 574.69061279296875 593.070068359375 593.070068359375 611.5626220703125 628.12493896484375 628.12493896484375 644.28570556640625 659.99432373046875 659.99432373046875 674.78076171875 688.32562255859375 688.32562255859375 703.69622802734375 718.19305419921875 718.19305419921875 731.05853271484375 743.41583251953125 743.41583251953125 755.03350830078125 765.58734130859375 765.58734130859375 776.1763916015625 785.9481201171875 785.9481201171875 795.77294921875 805.7332763671875 805.7332763671875 815.3843994140625 824.5341796875 824.5341796875 833.5281982421875 843.02044677734375 843.02044677734375
468.553466796875 468.553466796875 479.645294189453125 492.79534912109375 492.79534912109375 507.36346435546875 522.4169921875 522.4169921875 537.30712890625 552.5380859375 552.5380859375 568.13946533203125 585.74908447265625 585.74908447265625 603.725341796875 620.67864990234375 620.67864990234375 635.793212890625 650.25738525390625 650.25738525390625 666.10308837890625 681.21234130859375 681.21234130859375 695.9498291015625 709.4688720703125 709.4688720703125 721.46990966796875 734.178955078125 734.178955078125 746.1005859375 758.87237548828125 758.87237548828125 770.351806640625 780.79156494140625 780.79156494140625 790.73919677734375 800.77557373046875 800.77557373046875 810.189208984375 820.1593017578125 820.1593017578125 830.50836181640625 841.1285400390625 841.1285400390625
467.1925048828125 467.1925048828125 477.936676025390625 490.375885009765625 490.375885009765625 503.444061279296875 516.8587646484375 516.8587646484375 530.67376708984375 545.89984130859375 545.89984130859375 561.87677001953125 579.326171875 579.326171875 595.84832763671875 612.193115234375 612.193115234375 628.0694580078125 643.7601318359375 643.7601318359375 657.70086669921875 671.2545166015625 671.2545166015625 683.6595458984375 697.9052734375 697.9052734375 712.04132080078125 726.2384033203125 726.2384033203125 738.9862060546875 751.36566162109375 751.36566162109375 763.6102294921875 774.394775390625 774.394775390625 784.83685302734375 795.6436767578125 795.6436767578125 806.0946044921875 816.8297119140625 816.8297119140625 827.56304931640625 838.5704345703125 838.5704345703125
469.135162353515625 469.135162353515625 479.967437744140625 490.325408935546875 490.325408935546875 501.30816650390625 512.19366455078125 512.19366455078125 524.61920166015625 538.30712890625 538.30712890625 552.4990234375 567.8634033203125 567.8634033203125 586.625732421875 603.79266357421875 603.79266357421875 621.06500244140625 636.66058349609375 636.66058349609375 650.48126220703125 663.35986328125 663.35986328125 676.50701904296875 689.91217041015625 689.91217041015625 703.57977294921875 717.50054931640625 717.50054931640625 729.91595458984375 742.63861083984375 742.63861083984375 754.8603515625 766.3829345703125 766.3829345703125 778.0687255859375 789.91851806640625 789.91851806640625 801.84881591796875 813.5172119140625 813.5172119140625 825.1221923828125 836.76336669921875 836.76336669921875
467.82440185546875 467.82440185546875 476.66943359375 486.331756591796875 486.331756591796875 497.399261474609375 507.76275634765625 507.76275634765625 518.14910888671875 531.0306396484375 531.0306396484375 544.916015625 561.54608154296875 561.54608154296875 577.6839599609375 596.1783447265625 596.1783447265625 613.21612548828125 629.1287841796875 629.1287841796875 644.26959228515625 657.89459228515625 657.89459228515625 669.84649658203125 681.67779541015625 681.67779541015625 694.669189453125 707.75775146484375 707.75775146484375 720.02484130859375 732.54827880859375 732.54827880859375 745.1409912109375 757.94354248046875 757.94354248046875 770.44964599609375 782.3760986328125 782.3760986328125 795.8277587890625 807.955810546875 807.955810546875 820.84844970703125 833.632568359375 833.632568359375
467.37188720703125 467.37188720703125 474.438018798828125 483.534698486328125 483.534698486328125 494.46112060546875 505.326263427734375 505.326263427734375 516.0496826171875 527.42431640625 527.42431640625 540.63385009765625 556.48370361328125 556.48370361328125 573.38153076171875 589.14093017578125 589.14093017578125 604.94476318359375 620.33587646484375 620.33587646484375 635.39208984375 648.72723388671875 648.72723388671875 661.0029296875 672.83026123046875 672.83026123046875 684.60601806640625 695.8787841796875 695.8787841796875 708.1824951171875 719.611083984375 719.611083984375 732.6827392578125 746.3231201171875 746.3231201171875 758.50048828125 770.658203125 770.658203125 784.37744140625 799.53240966796875 799.53240966796875 813.3551025390625 827.11517333984375 827.11517333984375
469.614410400390625 469.614410400390625 476.985107421875 486.07080078125 486.07080078125 495.651092529296875 505.60943603515625 505.60943603515625 515.20556640625 525.1900634765625 525.1900634765625 536.78521728515625 552.5545654296875 552.5545654296875 568.5321044921875 582.76226806640625 582.76226806640625 596.8157958984375 611.68634033203125 611.68634033203125 626.13189697265625 639.65008544921875 639.65008544921875 651.167236328125 661.68048095703125 661.68048095703125 672.74517822265625 685.1265869140625 685.1265869140625 697.94366455078125 709.01214599609375 709.01214599609375 720.03955078125 732.0836181640625 732.0836181640625 744.8817138671875 758.2816162109375 758.2816162109375 772.2724609375 786.19403076171875 786.19403076171875 801.11181640625 814.79498291015625 814.79498291015625
473.572052001953125 473.572052001953125 479.1036376953125 488.019287109375 488.019287109375 497.545501708984375 505.980072021484375 505.980072021484375 514.5084228515625 523.3062744140625 523.3062744140625 534.60595703125 548.7999267578125 548.7999267578125 563.33551025390625 575.8717041015625 575.8717041015625 587.62017822265625 600.16998291015625 600.16998291015625 614.3775634765625 627.922607421875 627.922607421875 639.85540771484375 650.682373046875 650.682373046875 660.501953125 671.72332763671875 671.72332763671875 684.06378173828125 696.35137939453125 696.35137939453125 708.19207763671875 719.0533447265625 719.0533447265625 731.81317138671875 746.0477294921875 746.0477294921875 759.45556640625 773.51123046875 773.51123046875 786.78216552734375 799.11834716796875 799.11834716796875
476.686767578125 476.686767578125 481.388916015625 489.280426025390625 489.280426025390625 498.5758056640625 506.433319091796875 506.433319091796875 513.30810546875 520.4146728515625 520.4146728515625 529.75531005859375 541.75201416015625 541.75201416015625 554.4368896484375 565.96978759765625 565.96978759765625 578.43804931640625 590.48699951171875 590.48699951171875 602.13494873046875 615.29986572265625 615.29986572265625 625.9736328125 636.3011474609375 636.3011474609375 646.48907470703125 658.854736328125 658.854736328125 671.86785888671875 684.67364501953125 684.67364501953125 696.80084228515625 707.2607421875 707.2607421875 719.6160888671875 732.58941650390625 732.58941650390625 747.11517333984375 761.20111083984375 761.20111083984375 773.8603515625 787.5543212890625 787.5543212890625
476.958953857421875 476.958953857421875 482.890167236328125 489.719024658203125 489.719024658203125 497.581024169921875 504.3792724609375 504.3792724609375 512.3033447265625 519.3497314453125 519.3497314453125 527.73211669921875 537.97216796875 537.97216796875 549.33782958984375 559.46307373046875 559.46307373046875 570.06884765625 580.6546630859375 580.6546630859375 591.8074951171875 602.50421142578125 602.50421142578125 612.6448974609375 623.019775390625 623.019775390625 634.1312255859375 646.40106201171875 646.40106201171875 659.72808837890625 673.0213623046875 673.0213623046875 684.9840087890625 696.1138916015625 696.1138916015625 708.691162109375 721.7061767578125 721.7061767578125 734.57830810546875 748.02008056640625 748.02008056640625 761.01629638671875 775.76971435546875 775.76971435546875
479.721893310546875 479.721893310546875 484.028350830078125 491.8260498046875 491.8260498046875 498.501861572265625 504.262725830078125 504.262725830078125 511.5350341796875 517.46380615234375 517.46380615234375 525.18280029296875 534.85205078125 534.85205078125 543.45294189453125 551.7117919921875 551.7117919921875 560.58447265625 570.5523681640625 570.5523681640625 580.46270751953125 589.76129150390625 589.76129150390625 599.42633056640625 610.44091796875 610.44091796875 622.44366455078125 634.34429931640625 634.34429931640625 647.7974853515625 660.9610595703125 660.9610595703125 673.188232421875 685.375244140625 685.375244140625 697.73828125 709.47259521484375 709.47259521484375 721.7034912109375 734.95404052734375 734.95404052734375 749.51324462890625 762.70111083984375 762.70111083984375
487.91717529296875 487.91717529296875 487.92181396484375 491.50408935546875 491.50408935546875 497.404754638671875 502.81103515625 502.81103515625 508.1024169921875 515.58837890625 515.58837890625 523.758056640625 531.21942138671875 531.21942138671875 536.63018798828125 543.47900390625 543.47900390625 551.77789306640625 560.25006103515625 560.25006103515625 569.35986328125 578.2506103515625 578.2506103515625 589.07391357421875 600.4979248046875 600.4979248046875 613.24798583984375 625.75567626953125 625.75567626953125 637.90887451171875 648.867919921875 648.867919921875 660.90838623046875 672.962890625 672.962890625 684.98541259765625 696.44293212890625 696.44293212890625 710.60040283203125 724.2574462890625 724.2574462890625 737.58819580078125 750.86322021484375 750.86322021484375
494.541748046875 494.541748046875 494.38836669921875 494.962921142578125 494.962921142578125 496.4869384765625 500.594635009765625 500.594635009765625 506.8367919921875 513.4447021484375 513.4447021484375 520.46539306640625 526.40521240234375 526.40521240234375 531.28802490234375 536.7410888671875 536.7410888671875 543.86541748046875 551.8157958984375 551.8157958984375 559.4156494140625 568.9873046875 568.9873046875 580.84857177734375 593.80242919921875 593.80242919921875 607.018310546875 618.63739013671875 618.63739013671875 628.4937744140625 637.15087890625 637.15087890625 646.9075927734375 658.94049072265625 658.94049072265625 672.0404052734375 685.29901123046875 685.29901123046875 699.47314453125 713.45880126953125 713.45880126953125 725.654052734375 738.87432861328125 738.87432861328125
501.210479736328125 501.210479736328125 501.385284423828125 501.069732666015625 501.069732666015625 500.58880615234375 501.774017333984375 501.774017333984375 504.748565673828125 509.508880615234375 509.508880615234375 515.11932373046875 520.88897705078125 520.88897705078125 526.717041015625 531.4849853515625 531.4849853515625 537.289794921875 543.40093994140625 543.40093994140625 549.64111328125 557.7779541015625 557.7779541015625 569.520263671875 584.45050048828125 584.45050048828125 597.0340576171875 607.40673828125 607.40673828125 615.546875 624.6837158203125 624.6837158203125 635.37890625 647.7677001953125 647.7677001953125 659.71026611328125 673.05401611328125 673.05401611328125 687.357421875 700.78277587890625 700.78277587890625 714.8900146484375 728.34185791015625 728.34185791015625
509.947540283203125 509.947540283203125 509.658447265625 508.860137939453125 508.860137939453125 507.81292724609375 508.020904541015625 508.020904541015625 509.0186767578125 510.110321044921875 510.110321044921875 512.55096435546875 516.19586181640625 516.19586181640625 521.4027099609375 526.7601318359375 526.7601318359375 531.37933349609375 536.19134521484375 536.19134521484375 541.3817138671875 546.63726806640625 546.63726806640625 557.85626220703125 573.903076171875 573.903076171875 587.00323486328125 595.604248046875 595.604248046875 604.5477294921875 614.14947509765625 614.14947509765625 625.04693603515625 636.4420166015625 636.4420166015625 649.2650146484375 662.0531005859375 662.0531005859375 674.82672119140625 688.15570068359375 688.15570068359375 703.50787353515625 716.3936767578125 716.3936767578125
